1.600000000000000033e-02
1.610244269622209193e-02
1.620554129906976240e-02
1.630930000809571387e-02
1.641372304974098376e-02
1.651881467750711957e-02
1.662457917212942574e-02
1.673102084175132759e-02
1.683814402209989070e-02
1.694595307666238101e-02
1.705445239686402895e-02
1.716364640224690707e-02
1.727353954064995631e-02
1.738413628839015346e-02
1.749544115044484108e-02
1.760745866063524734e-02
1.772019338181115428e-02
1.783364990603675607e-02
1.794783285477771079e-02
1.806274687908937873e-02
1.817839665980632360e-02
1.829478690773290311e-02
1.841192236383520225e-02
1.852980779943414619e-02
1.864844801639984478e-02
1.876784784734719311e-02
1.888801215583270701e-02
1.900894583655265632e-02
1.913065381554241579e-02
1.925314105037714135e-02
1.937641253037369893e-02
1.950047327679387682e-02
1.962532834304897902e-02
1.975098281490559118e-02
1.987744181069278637e-02
2.000471048151060763e-02
2.013279401143987582e-02
2.026169761775336794e-02
2.039142655112833116e-02
2.052198609586035338e-02
2.065338157007861816e-02
2.078561832596252656e-02
2.091870174995971027e-02
2.105263726300543939e-02
2.118743032074343891e-02
2.132308641374809285e-02
2.145961106774815774e-02
2.159700984385175618e-02
2.173528833877295952e-02
2.187445218505974093e-02
2.201450705132341340e-02
2.215545864246952837e-02
2.229731269993025580e-02
2.244007500189825269e-02
2.258375136356203031e-02
2.272834763734282379e-02
2.287386971313296047e-02
2.302032351853584846e-02
2.316771501910732875e-02
2.331605021859873075e-02
2.346533515920141630e-02
2.361557592179289525e-02
2.376677862618451972e-02
2.391894943137076388e-02
2.407209453578010999e-02
2.422622017752750975e-02
2.438133263466850734e-02
2.453743822545495501e-02
2.469454330859236976e-02
2.485265428349895875e-02
2.501177759056626843e-02
2.517191971142157883e-02
2.533308716919183134e-02
2.549528652876941262e-02
2.565852439707953445e-02
2.582280742334935528e-02
2.598814229937884343e-02
2.615453575981332990e-02
2.632199458241785486e-02
2.649052558835324200e-02
2.666013564245394568e-02
2.683083165350766061e-02
2.700262057453681197e-02
2.717550940308166574e-02
2.734950518148544785e-02
2.752461499718116683e-02
2.770084598298030998e-02
2.787820531736339563e-02
2.805670022477238512e-02
2.823633797590492656e-02
2.841712588801054845e-02
2.859907132518869910e-02
2.878218169868871495e-02
2.896646446721170762e-02
2.915192713721436943e-02
2.933857726321476012e-02
2.952642244809998776e-02
2.971547034343597835e-02
2.990572864977905643e-02
3.009720511698965942e-02
3.028990754454801912e-02
3.048384378187185551e-02
3.067902172863610707e-02
3.087544933509471165e-02
3.107313460240444455e-02
3.127208558295082458e-02
3.147231038067616754e-02
3.167381715140960702e-02
3.187661410319934940e-02
3.208070949664703492e-02
3.228611164524416988e-02
3.249282891571082105e-02
3.270086972833635697e-02
3.291024255732249298e-02
3.312095593112843878e-02
3.333301843281830795e-02
3.354643870041072035e-02
3.376122542723067332e-02
3.397738736226363354e-02
3.419493331051193241e-02
3.441387213335339590e-02
3.463421274890231966e-02
3.485596413237276869e-02
3.507913531644406974e-02
3.530373539162882934e-02
3.552977350664318634e-02
3.575725886877948595e-02
3.598620074428130616e-02
3.621660845872091278e-02
3.644849139737910831e-02
3.668185900562754426e-02
3.691672078931348966e-02
3.715308631514695897e-02
3.739096521109044197e-02
3.763036716675110388e-02
3.787130193377543502e-02
3.811377932624648857e-02
3.835780922108365104e-02
3.860340155844492471e-02
3.885056634213188143e-02
3.909931363999708670e-02
3.934965358435424387e-02
3.960159637239090563e-02
3.985515226658382926e-02
4.011033159511700336e-02
4.036714475230238075e-02
4.062560219900319264e-02
4.088571446306019791e-02
4.114749213972035413e-02
4.141094589206850002e-02
4.167608645146166774e-02
4.194292461796621241e-02
4.221147126079773798e-02
4.248173731876383336e-02
4.275373380070963958e-02
4.302747178596625505e-02
4.330296242480215912e-02
4.358021693887720316e-02
4.385924662169984195e-02
4.414006283908713385e-02
4.442267702962767600e-02
4.470710070514757190e-02
4.499334545117931322e-02
4.528142292743374264e-02
4.557134486827493780e-02
4.586312308319824560e-02
4.615676945731127939e-02
4.645229595181805948e-02
4.674971460450624144e-02
4.704903753023742530e-02
4.735027692144067046e-02
4.765344504860909158e-02
4.795855426079976419e-02
4.826561698613663492e-02
4.857464573231679711e-02
4.888565308712001373e-02
4.919865171892141842e-02
4.951365437720754714e-02
4.983067389309566581e-02
5.014972317985644940e-02
5.047081523343992931e-02
5.079396313300497262e-02
5.111918004145188377e-02
5.144647920595869089e-02
5.177587395852070035e-02
5.210737771649358308e-02
5.244100398313986805e-02
5.277676634817901613e-02
5.311467848834094257e-02
5.345475416792314777e-02
5.379700723935134515e-02
5.414145164374375985e-02
5.448810141147895220e-02
5.483697066276737447e-02
5.518807360822648028e-02
5.554142454945960178e-02
5.589703787963851145e-02
5.625492808408964762e-02
5.661510974088427434e-02
5.697759752143214534e-02
5.734240619107918574e-02
5.770955060970897610e-02
5.807904573234796280e-02
5.845090660977468600e-02
5.882514838913287247e-02
5.920178631454833806e-02
5.958083572774999781e-02
5.996231206869476194e-02
6.034623087619649107e-02
6.073260778855889275e-02
6.112145854421256741e-02
6.151279898235607196e-02
6.190664504360107734e-02
6.230301277062173793e-02
6.270191830880811334e-02
6.310337790692384374e-02
6.350740791776801619e-02
6.391402479884129850e-02
6.432324511301623637e-02
6.473508552921197756e-02
6.514956282307324265e-02
6.556669387765363954e-02
6.598649568410330790e-02
6.640898534236125417e-02
6.683418006185155857e-02
6.726209716218461976e-02
6.769275407386252108e-02
6.812616833898911539e-02
6.856235761198446743e-02
6.900133966030415344e-02
6.944313236516277965e-02
6.988775372226246896e-02
7.033522184252584408e-02
7.078555495283381238e-02
7.123877139676788872e-02
7.169488963535752823e-02
7.215392824783199710e-02
7.261590593237719771e-02
7.308084150689736491e-02
7.354875390978148075e-02
7.401966220067481006e-02
7.449358556125515451e-02
7.497054329601429701e-02
7.545055483304421995e-02
7.593363972482858326e-02
7.641981764903911511e-02
7.690910840933712356e-02
7.740153193618019845e-02
7.789710828763411754e-02
7.839585765018970698e-02
7.889780033958525285e-02
7.940295680163397818e-02
7.991134761305683509e-02
8.042299348232069545e-02
8.093791525048198154e-02
8.145613389203540389e-02
8.197767051576838881e-02
8.250254636562098787e-02
8.303078282155114398e-02
8.356240140040556430e-02
8.409742375679621351e-02
8.463587168398233052e-02
8.517776711475821827e-02
8.572313212234655699e-02
8.627198892129754604e-02
8.682435986839380504e-02
8.738026746356103436e-02
8.793973435078444867e-02
8.850278331903126128e-02
8.906943730317883057e-02
8.963971938494898206e-02
9.021365279384810365e-02
9.079126090811340255e-02
9.137256725566531013e-02
9.195759551506561824e-02
9.254636951648211041e-02
9.313891324265927141e-02
9.373525082989511703e-02
9.433540656902435206e-02
9.493940490640798147e-02
9.554727044492881960e-02
9.615902794499382733e-02
9.677470232554261087e-02
9.739431866506255420e-02
9.801790220261022424e-02
9.864547833883952066e-02
9.927707263703632046e-02
9.991271082415972837e-02
1.005524187918900442e-01
1.011962225976834329e-01
1.018441484658332979e-01
1.024962227885384547e-01
1.031524721269783396e-01
1.038129232123947143e-01
1.044776029471806422e-01
1.051465384059762920e-01
1.058197568367717917e-01
1.064972856620170771e-01
1.071791524797390399e-01
1.078653850646655032e-01
1.085560113693566503e-01
1.092510595253437244e-01
1.099505578442747517e-01
1.106545348190678957e-01
1.113630191250720575e-01
1.120760396212348714e-01
1.127936253512781956e-01
1.135158055448812903e-01
1.142426096188713242e-01
1.149740671784216378e-01
1.157102080182577097e-01
1.164510621238707966e-01
1.171966596727392756e-01
1.179470310355579254e-01
1.187022067774750195e-01
1.194622176593373164e-01
1.202270946389430994e-01
1.209968688723032371e-01
1.217715717149100846e-01
1.225512347230149207e-01
1.233358896549131833e-01
1.241255684722381708e-01
1.249203033412628894e-01
1.257201266342104218e-01
1.265250709305723864e-01
1.273351690184361118e-01
1.281504538958201378e-01
1.289709587720184181e-01
1.297967170689530159e-01
1.306277624225354872e-01
1.314641286840369516e-01
1.323058499214670169e-01
1.331529604209614193e-01
1.340054946881787390e-01
1.348634874497057490e-01
1.357269736544721161e-01
1.365959884751739295e-01
1.374705673097063319e-01
1.383507457826055331e-01
1.392365597464997329e-01
1.401280452835697299e-01
1.410252387070184688e-01
1.419281765625504121e-01
1.428368956298599612e-01
1.437514329241297573e-01
1.446718256975383088e-01
1.455981114407775834e-01
1.465303278845799251e-01
1.474685130012551582e-01
1.484127050062371000e-01
1.493629423596404271e-01
1.503192637678270882e-01
1.512817081849830991e-01
1.522503148147051344e-01
1.532251231115976942e-01
1.542061727828798190e-01
1.551935037900028236e-01
1.561871563502779114e-01
1.571871709385144200e-01
1.581935882886684464e-01
1.592064493955020754e-01
1.602257955162534053e-01
1.612516681723168421e-01
1.622841091509344691e-01
1.633231605068983516e-01
1.643688645642633617e-01
1.654212639180713262e-01
1.664804014360859175e-01
1.675463202605389779e-01
1.686190638098876149e-01
1.696986757805832580e-01
1.707852001488508464e-01
1.718786811724807295e-01
1.729791633926311134e-01
1.740866916356425542e-01
1.752013110148637753e-01
1.763230669324892530e-01
1.774520050814088201e-01
1.785881714470685666e-01
1.797316123093442575e-01
1.808823742444263249e-01
1.820405041267170176e-01
1.832060491307401229e-01
1.843790567330620134e-01
1.855595747142258223e-01
1.867476511606976919e-01
1.879433344668254846e-01
1.891466733368100117e-01
1.903577167866888908e-01
1.915765141463332544e-01
1.928031150614570310e-01
1.940375694956391617e-01
1.952799277323588323e-01
1.965302403770437245e-01
1.977885583591311447e-01
1.990549329341430307e-01
2.003294156857731156e-01
2.016120585279885524e-01
2.029029137071443889e-01
2.042020338041117822e-01
2.055094717364197854e-01
2.068252807604108456e-01
2.081495144734100688e-01
2.094822268159085565e-01
2.108234720737603984e-01
2.121733048803940980e-01
2.135317802190377090e-01
2.148989534249590438e-01
2.162748801877189819e-01
2.176596165534402105e-01
2.190532189270902874e-01
2.204557440747789976e-01
2.218672491260707536e-01
2.232877915763115950e-01
2.247174292889712321e-01
2.261562204979999380e-01
2.276042238102007620e-01
2.290614982076166206e-01
2.305281030499328754e-01
2.320040980768952321e-01
2.334895434107434886e-01
2.349844995586598539e-01
2.364890274152341154e-01
2.380031882649439323e-01
2.395270437846511169e-01
2.410606560461140413e-01
2.426040875185159484e-01
2.441574010710095277e-01
2.457206599752778386e-01
2.472939279081115549e-01
2.488772689540027228e-01
2.504707476077550066e-01
2.520744287771113923e-01
2.536883777853971011e-01
2.553126603741811551e-01
2.569473427059540405e-01
2.585924913668227743e-01
2.602481733692231236e-01
2.619144561546492556e-01
2.635914075964008174e-01
2.652790960023478362e-01
2.669775901177128263e-01
2.686869591278712721e-01
2.704072726611696509e-01
2.721386007917615535e-01
2.738810140424625672e-01
2.756345833876219786e-01
2.773993802560145161e-01
2.791754765337497446e-01
2.809629445672000569e-01
2.827618571659477054e-01
2.845722876057505957e-01
2.863943096315269554e-01
2.882279974603593198e-01
2.900734257845176689e-01
2.919306697745017720e-01
2.937998050821029605e-01
2.956809078434864402e-01
2.975740546822915888e-01
2.994793227127537372e-01
3.013967895428450450e-01
3.033265332774357503e-01
3.052686325214758467e-01
3.072231663831965220e-01
3.091902144773329697e-01
3.111698569283670168e-01
3.131621743737910690e-01
3.151672479673925942e-01
3.171851593825598670e-01
3.192159908156086967e-01
3.212598249891310265e-01
3.233167451553637939e-01
3.253868350995804404e-01
3.274701791435038478e-01
3.295668621487408689e-01
3.316769695202391177e-01
3.338005872097657423e-01
3.359378017194086241e-01
3.380887001050997820e-01
3.402533699801615907e-01
3.424318995188754267e-01
3.446243774600731280e-01
3.468308931107524917e-01
3.490515363497138646e-01
3.512863976312218806e-01
3.535355679886899583e-01
3.557991390383880570e-01
3.580772029831750802e-01
3.603698526162539273e-01
3.626771813249518583e-01
3.649992830945241740e-01
3.673362525119825417e-01
3.696881847699479695e-01
3.720551756705282598e-01
3.744373216292201656e-01
3.768347196788374154e-01
3.792474674734622186e-01
3.816756632924235282e-01
3.841194060443005043e-01
3.865787952709509590e-01
3.890539311515662235e-01
3.915449145067518844e-01
3.940518468026344423e-01
3.965748301549942290e-01
3.991139673334252458e-01
4.016693617655209825e-01
4.042411175410874913e-01
4.068293394163837728e-01
4.094341328183879747e-01
4.120556038490923445e-01
4.146938592898250509e-01
4.173490066055997594e-01
4.200211539494928537e-01
4.227104101670491332e-01
4.254168848007153225e-01
4.281406880943021132e-01
4.308819309974747380e-01
4.336407251702724674e-01
4.364171829876565822e-01
4.392114175440879897e-01
4.420235426581344274e-01
4.448536728771056992e-01
4.477019234817201654e-01
4.505684104908004861e-01
4.534532506659992301e-01
4.563565615165552924e-01
4.592784613040802322e-01
4.622190690473754748e-01
4.651785045272804342e-01
4.681568882915513874e-01
4.711543416597721023e-01
4.741709867282951074e-01
4.772069463752161567e-01
4.802623442653779495e-01
4.833373048554084339e-01
4.864319533987901956e-01
4.895464159509621549e-01
4.926808193744545150e-01
4.958352913440563503e-01
4.990099603520158356e-01
5.022049557132746145e-01
5.054204075707348087e-01
5.086564469005607769e-01
5.119132055175135143e-01
5.151908160803200243e-01
5.184894120970779952e-01
5.218091279306925623e-01
5.251500988043499296e-01
5.285124608070259633e-01
5.318963508990287581e-01
5.353019069175780631e-01
5.387292675824195687e-01
5.421785725014756085e-01
5.456499621765316110e-01
5.491435780089595209e-01
5.526595623054773032e-01
5.561980582839454179e-01
5.597592100792017078e-01
5.633431627489305926e-01
5.669500622795732303e-01
5.705800555922733164e-01
5.742332905488622963e-01
5.779099159578816591e-01
5.816100815806447555e-01
5.853339381373366956e-01
5.890816373131545491e-01
5.928533317644847367e-01
5.966491751251226106e-01
6.004693220125291164e-01
6.043139280341297548e-01
6.081831497936535103e-01
6.120771448975101947e-01
6.159960719612115332e-01
6.199400906158317737e-01
6.239093615145101523e-01
6.279040463389946591e-01
6.319243078062276586e-01
6.359703096749744766e-01
6.400422167524933981e-01
6.441401949012490746e-01
6.482644110456683428e-01
6.524150331789395629e-01
6.565922303698569218e-01
6.607961727697047039e-01
6.650270316191901898e-01
6.692849792554179666e-01
6.735701891189100898e-01
6.778828357606704325e-01
6.822230948492954417e-01
6.865911431781293039e-01
6.909871586724654069e-01
6.954113203967935419e-01
6.998638085620942917e-01
7.043448045331794916e-01
7.088544908360793206e-01
7.133930511654784645e-01
7.179606703921970201e-01
7.225575345707218045e-01
7.271838309467851813e-01
7.318397479649912940e-01
7.365254752764932578e-01
7.412412037467170922e-01
7.459871254631372794e-01
7.507634337431005056e-01
7.555703231417004728e-01
7.604079894597026712e-01
7.652766297515192218e-01
7.701764423332381204e-01
7.751076267906978901e-01
7.800703839876195200e-01
7.850649160737879217e-01
7.900914264932860087e-01
7.951501199927817343e-01
8.002412026298680869e-01
8.053648817814563765e-01
8.105213661522238100e-01
8.157108657831143583e-01
8.209335920598943570e-01
8.261897577217632849e-01
8.314795768700187217e-01
8.368032649767793707e-01
8.421610388937588176e-01
8.475531168611010191e-01
8.529797185162690809e-01
8.584410649029921014e-01
8.639373784802687473e-01
8.694688831314291155e-01
8.750358041732537728e-01
8.806383683651521910e-01
8.862768039183991364e-01
8.919513405054303457e-01
8.976622092691978194e-01
9.034096428325862904e-01
9.091938753078868674e-01
9.150151423063338507e-01
9.208736809477028329e-01
9.267697298699681951e-01
9.327035292390243315e-01
9.386753207584686010e-01
9.446853476794457860e-01
9.507338548105574993e-01
9.568210885278335409e-01
9.629472967847678699e-01
9.691127291224183038e-01
9.753176366795709429e-01
9.815622722029718750e-01
9.878468900576190537e-01
9.941717462371261194e-01
1.000537098374148393e+00
1.006943205750878256e+00
1.013390329309605598e+00
1.019878731663347304e+00
1.026408677106545042e+00
1.032980431625829087e+00
1.039594262910854772e+00
1.046250440365205314e+00
1.052949235117364823e+00
1.059690920031765682e+00
1.066475769719898326e+00
1.073304060551500738e+00
1.080176070665814336e+00
1.087092079982913795e+00
1.094052370215109482e+00
1.101057224878422502e+00
1.108106929304132571e+00
1.115201770650401158e+00
1.122342037913968582e+00
1.129528021941925031e+00
1.136760015443558647e+00
1.144038313002277318e+00
1.151363211087610194e+00
1.158735008067281580e+00
1.166154004219365214e+00
1.173620501744516709e+00
1.181134804778281255e+00
1.188697219403483940e+00
1.196308053662696214e+00
1.203967617570784299e+00
1.211676223127536867e+00
1.219434184330373538e+00
1.227241817187135542e+00
1.235099439728956749e+00
1.243007372023221091e+00
1.250965936186595906e+00
1.258975456398155224e+00
1.267036258912584312e+00
1.275148672073469269e+00
1.283313026326670991e+00
1.291529654233785740e+00
1.299798890485691860e+00
1.308121071916181766e+00
1.316496537515683407e+00
1.324925628445068115e+00
1.333408688049547042e+00
1.341946061872656415e+00
1.350538097670334725e+00
1.359185145425084951e+00
1.367887557360232709e+00
1.376645687954272335e+00
1.385459893955306887e+00
1.394330534395579191e+00
1.403257970606096361e+00
1.412242566231348251e+00
1.421284687244119826e+00
1.430384701960398797e+00
1.439542981054377391e+00
1.448759897573551392e+00
1.458035826953918868e+00
1.467371147035266832e+00
1.476766238076566706e+00
1.486221482771461710e+00
1.495737266263855725e+00
1.505313976163601408e+00
1.514952002562288680e+00
1.524651738049134897e+00
1.534413577726975841e+00
1.544237919228359512e+00
1.554125162731743615e+00
1.564075710977796074e+00
1.574089969285798363e+00
1.584168345570160286e+00
1.594311250357028920e+00
1.604519096801015676e+00
1.614792300702023953e+00
1.625131280522186028e+00
1.635536457402908095e+00
1.646008255182025870e+00
1.656547100411067674e+00
1.667153422372630089e+00
1.677827653097863969e+00
1.688570227384072142e+00
1.699381582812420577e+00
1.710262159765762568e+00
1.721212401446576612e+00
1.732232753895019739e+00
1.743323666007096318e+00
1.754485589552943203e+00
1.765718979195229688e+00
1.777024292507684677e+00
1.788401989993724905e+00
1.799852535105219475e+00
1.811376394261366096e+00
1.822974036867690328e+00
1.834645935335165179e+00
1.846392565099455041e+00
1.858214404640280870e+00
1.870111935500910816e+00
1.882085642307775197e+00
1.894136012790206269e+00
1.906263537800305885e+00
1.918468711332938836e+00
1.930752030545855646e+00
1.943113995779943037e+00
1.955555110579604294e+00
1.968075881713271080e+00
1.980676819194044702e+00
1.993358436300471936e+00
2.006121249597451861e+00
2.018965778957276580e+00
2.031892547580809172e+00
2.044902082018793532e+00
2.057994912193304771e+00
2.071171571419329283e+00
2.084432596426501139e+00
2.097778527380947722e+00
2.111209907907305006e+00
2.124727285110856290e+00
2.138331209599818816e+00
2.152022235507772052e+00
2.165800920516228967e+00
2.179667825877352527e+00
2.193623516436816079e+00
2.207668560656814716e+00
2.221803530639216540e+00
2.236029002148869349e+00
2.250345554637052548e+00
2.264753771265078708e+00
2.279254238928050125e+00
2.293847548278764137e+00
2.308534293751771216e+00
2.323315073587589819e+00
2.338190489857073562e+00
2.353161148485936938e+00
2.368227659279435571e+00
2.383390635947205460e+00
2.398650696128262982e+00
2.414008461416161655e+00
2.429464557384310108e+00
2.445019613611464138e+00
2.460674263707355092e+00
2.476429145338510995e+00
2.492284900254226443e+00
2.508242174312704798e+00
2.524301617507364703e+00
2.540463883993317129e+00
2.556729632114012496e+00
2.573099524428054785e+00
2.589574227736191947e+00
2.606154413108475953e+00
2.622840755911596933e+00
2.639633935836395384e+00
2.656534636925546256e+00
2.673543547601423320e+00
2.690661360694139859e+00
2.707888773469771859e+00
2.725226487658757968e+00
2.742675209484484622e+00
2.760235649692052373e+00
2.777908523577226951e+00
2.795694551015575957e+00
2.813594456491791185e+00
2.831608969129201014e+00
2.849738822719463993e+00
2.867984755752473358e+00
2.886347511446420100e+00
2.904827837778076294e+00
2.923426487513262284e+00
2.942144218237508380e+00
2.960981792386914169e+00
2.979939977279204122e+00
2.999019545144984367e+00
3.018221273159197082e+00
3.037545943472778731e+00
3.056994343244518131e+00
3.076567264673121471e+00
3.096265505029480281e+00
3.116089866689147669e+00
3.136041157165021520e+00
3.156120189140235954e+00
3.176327780501267739e+00
3.196664754371248307e+00
3.217131939143493380e+00
3.237730168515247531e+00
3.258460281521641910e+00
3.279323122569871796e+00
3.300319541473591300e+00
3.321450393487529684e+00
3.342716539342325710e+00
3.364118845279601366e+00
3.385658183087226103e+00
3.407335430134841303e+00
3.429151469409596142e+00
3.451107189552113041e+00
3.473203484892685822e+00
3.495441255487709231e+00
3.517821407156340285e+00
3.540344851517396307e+00
3.563012506026486559e+00
3.585825294013385900e+00
3.608784144719642484e+00
3.631889993336431033e+00
3.655143781042645035e+00
3.678546455043234076e+00
3.702098968607787199e+00
3.725802281109362735e+00
3.749657358063566814e+00
3.773665171167881915e+00
3.797826698341246754e+00
3.822142923763891975e+00
3.846614837917427643e+00
3.871243437625187855e+00
3.896029726092838263e+00
3.920974712949232721e+00
3.946079414287555487e+00
3.971344852706687245e+00
3.996772057352874885e+00
4.022362063961646861e+00
4.048115914900002998e+00
4.074034659208872533e+00
4.100119352645847925e+00
4.126371057728187353e+00
4.152790843776092089e+00
4.179379786956269882e+00
4.206138970325764781e+00
4.233069483876076511e+00
4.260172424577559624e+00
4.287448896424105094e+00
4.314900010478112335e+00
4.342526884915744567e+00
4.370330645072475484e+00
4.398312423488929035e+00
4.426473359957012299e+00
4.454814601566341459e+00
4.483337302750966202e+00
4.512042625336396995e+00
4.540931738586926336e+00
4.570005819253259105e+00
4.599266051620439555e+00
4.628713627556110488e+00
4.658349746559034443e+00
4.688175615807972818e+00
4.718192450210850097e+00
4.748401472454244931e+00
4.778803913053192964e+00
4.809401010401309406e+00
4.840194010821232240e+00
4.871184168615391386e+00
4.902372746117099389e+00
4.933761013741970736e+00
4.965350250039668900e+00
4.997141741745988242e+00
5.029136783835264524e+00
5.061336679573126496e+00
5.093742740569578764e+00
5.126356286832432829e+00
5.159178646821069414e+00
5.192211157500556951e+00
5.225455164396105801e+00
5.258912021647880408e+00
5.292583092066155181e+00
5.326469747186824755e+00
5.360573367327276628e+00
5.394895341642604869e+00
5.429437068182222603e+00
5.464199953946769384e+00
5.499185414945453765e+00
5.534394876253717399e+00
5.569829772071289931e+00
5.605491545780606266e+00
5.641381650005601323e+00
5.677501546670876920e+00
5.713852707061255920e+00
5.750436611881709403e+00
5.787254751317671975e+00
5.824308625095739878e+00
5.861599742544765235e+00
5.899129622657327765e+00
5.936899794151617726e+00
5.974911795533697223e+00
6.013167175160176292e+00
6.051667491301275348e+00
6.090414312204305958e+00
6.129409216157545082e+00
6.168653791554527643e+00
6.208149636958745887e+00
6.247898361168761738e+00
6.287901583283744600e+00
6.328160932769409719e+00
6.368678049524422846e+00
6.409454583947156614e+00
6.450492197002944295e+00
6.491792560291727909e+00
6.533357356116153980e+00
6.575188277550090277e+00
6.617287028507598201e+00
6.659655323812335048e+00
6.702294889267407463e+00
6.745207461725663656e+00
6.788394789160448362e+00
6.831858630736798332e+00
6.875600756883101461e+00
6.919622949363211539e+00
6.963927001349026646e+00
7.008514717493527613e+00
7.053387914004293435e+00
7.098548418717476771e+00
7.143998071172257269e+00
7.189738722685776295e+00
7.235772236428545945e+00
7.282100487500340336e+00
7.328725363006574511e+00
7.375648762135176284e+00
7.422872596233935027e+00
7.470398788888390484e+00
7.518229276000139905e+00
7.566366005865722499e+00
7.614810939255976407e+00
7.663566049495905474e+00
7.712633322545059400e+00
7.762014757078426364e+00
7.811712364567849676e+00
7.861728169363962238e+00
7.912064208778637919e+00
7.962722533167988281e+00
8.013705206015872662e+00
8.065014304017951829e+00
8.116651917166285202e+00
8.168620148834456529e+00
8.220921115863252027e+00
8.273556948646886511e+00
8.326529791219787313e+00
8.379841801343919983e+00
8.433495150596687751e+00
8.487492024459379891e+00
8.541834622406199173e+00
8.596525157993855970e+00
8.651565858951727250e+00
8.706958967272594663e+00
8.762706739304002568e+00
8.818811445840115226e+00
8.875275372214247227e+00
8.932100818391946362e+00
8.989290099064673356e+00
9.046845543744094442e+00
9.104769496856967237e+00
9.163064317840635908e+00
9.221732381239137410e+00
9.280776076799932994e+00
9.340197809571238352e+00
9.400000000000000355e+00
